RL509-mf	RL511-mf	RL514-mf	RL516-mf	RL528-mf	RL568-mf	RL569-mf	RL573-mf	RL591-mf	RL605-mf	RL607-mf	RL613-mf	RL616-mf	RL627-mf	RL628-mf	RL651-mf	RL656-mf	RL659-mf	RL665-mf	RL667-mf	RL668-mf	RL679-mf	RL680-mf	RL683-mf	RL691-mf	RL693-mf	RL703-mf	RL704-mf	RL725-mf
FASYN-ELONG-PWY:_fatty_acid_elongation_--_saturated	-0.00222418184360196	-3.58444295461933	-3.58444295461933	0.910734126081486	-3.58444295461933	-0.140494234030318	3.28961624852182	-3.58444295461933	2.33988975827072	-3.58444295461933	-0.256295840585699	0.422429519196654	-3.58444295461933	2.08918130610073	-0.156783151048373	3.44003187333277	1.04196697742934	-3.58444295461933	1.20560442652829	-1.09885125743681	-3.58444295461933	0.402377520460032	0.914203642224809	0.128823946574445	2.36667387333836	0.598519425716934	4.97673804955718	2.81556547977092	3.38783612879498
PWY-5723:_Rubisco_shunt	-2.31651504244807	-2.31651504244807	-2.31651504244807	0.61683853124383	-2.31651504244807	-2.31651504244807	2.95289967930459	1.87121312177222	-0.00648036339951252	-2.31651504244807	-2.31651504244807	2.59978005940377	-0.669651949451843	0.977558665107169	-2.31651504244807	2.15370292381586	1.70554200279538	-2.31651504244807	-2.31651504244807	-0.159377527827075	-2.31651504244807	-2.31651504244807	1.57529295858737	0.872178632817758	1.7661960613462	0.561354824457301	4.77393617223127	2.62186015046819	3.58533656670439
PWY-6284:_superpathway_of_unsaturated_fatty_acids_biosynthesis_(E._coli)	-1.49479950281556	-1.49479950281556	-1.49479950281556	-1.49479950281556	-1.49479950281556	-1.49479950281556	3.74546139237896	-1.49479950281556	-1.49479950281556	-1.49479950281556	-1.49479950281556	-1.49479950281556	-1.49479950281556	-1.49479950281556	-1.49479950281556	3.96200007675041	-1.49479950281556	-1.49479950281556	-1.49479950281556	-1.49479950281556	-1.49479950281556	-1.49479950281556	2.30874786729615	1.75391899808371	3.44086767642246	1.96668976704169	5.34714846430519	3.2079466827087	4.16320913132396
PWY-5918:_superpathway_of_heme_b_biosynthesis_from_glutamate	-0.947039828000642	-0.947039828000642	-0.947039828000642	-0.947039828000642	-0.947039828000642	-0.947039828000642	1.47979115725069	-0.947039828000642	-0.947039828000642	-0.947039828000642	-0.947039828000642	-0.947039828000642	-0.947039828000642	1.08250140137907	-0.947039828000642	3.32164158124981	-0.947039828000642	-0.947039828000642	-0.947039828000642	-0.947039828000642	-0.947039828000642	-0.947039828000642	1.27742343476032	-0.947039828000642	1.94935409729058	-0.947039828000642	4.88929588096142	2.41640882554126	3.47142000958035
PWY-4041:_&gamma;-glutamyl_cycle	-0.696318259040184	-0.663383519570734	-3.50011358057851	-0.165525283510294	-3.50011358057851	-3.50011358057851	1.42947860688146	0.346128984531003	1.93092429379979	-3.50011358057851	-3.50011358057851	-1.33402483191562	-0.641531753474363	0.829756291739149	-1.21708377020398	2.13818909971298	0.814285675776739	0.387011969275691	-0.24359048249502	0.22876472321409	-0.154261644389855	-1.68888918566615	1.71280199465778	0.731203616574152	3.08596807740648	1.51711352919347	4.2303905219514	2.58258049423747	2.3405787542071
PWY-5136:_fatty_acid_&beta;-oxidation_II_(plant_peroxisome)	-1.7043646731913	-1.7043646731913	-1.7043646731913	-1.7043646731913	-1.7043646731913	-1.7043646731913	2.24721379703903	-1.7043646731913	2.11140542439617	-1.7043646731913	-1.7043646731913	-1.7043646731913	-1.7043646731913	1.1783448853241	-1.7043646731913	3.38005256636292	0.7437909572564	-1.7043646731913	0.568921441195964	0.357211088167473	-0.125648116019578	-1.7043646731913	2.20907050909144	-1.7043646731913	2.32652753902596	-1.7043646731913	5.19097430592583	3.40554327091434	3.6764271023807
TCA:_TCA_cycle_I_(prokaryotic)	-2.39446776421488	-2.39446776421488	-2.39446776421488	1.80899966302965	-2.39446776421488	-0.290117684043582	4.23928746393636	-2.39446776421488	1.26567363869545	-2.39446776421488	-2.39446776421488	0.679162267525772	-2.39446776421488	-2.39446776421488	-2.39446776421488	3.86076857650712	-2.39446776421488	-2.39446776421488	1.8655127126976	1.59998524345381	-2.39446776421488	0.52590748332097	1.29411546303127	-2.39446776421488	2.42050812489169	1.35837714634608	6.47020126190662	3.05627831267461	3.36788902503493
PWY0-862:_(5Z)-dodecenoate_biosynthesis_I	0.0284032166853199	-3.38910098451185	-3.38910098451185	0.994250798086973	-3.38910098451185	-0.249004580534914	3.26064092036835	-3.38910098451185	2.2794635228065	-3.38910098451185	-0.396827432261702	0.332785659718546	-3.38910098451185	1.94979403009251	-0.325256391731972	3.41875621712353	0.883825472964882	-3.38910098451185	1.11158636208281	-1.223102245366	-3.38910098451185	0.295078158584761	0.756242248375881	-0.00667443155452085	2.24658666751923	0.46588206196162	5.07146549028838	2.85006980399485	3.3688423268898
PWY-5367:_petroselinate_biosynthesis	-1.24971674765734	0.971538588096839	-1.24971674765734	-1.24971674765734	-1.24971674765734	-1.24971674765734	2.32239680882689	-1.24971674765734	-1.24971674765734	-1.24971674765734	-1.24971674765734	-1.24971674765734	-1.24971674765734	-1.24971674765734	-1.24971674765734	2.87046927987452	-1.24971674765734	-1.24971674765734	-1.24971674765734	-1.24971674765734	0.545164865039973	-1.24971674765734	1.58813165661742	1.20797734488241	2.53550944894079	1.27673773300523	3.88386321708583	2.13962290435069	3.15348961111152
PWY-5913:_partial_TCA_cycle_(obligate_autotrophs)	-2.78929087621131	-2.78929087621131	-2.78929087621131	1.34525865825314	-2.78929087621131	-0.281516529008658	3.53774432576827	-2.78929087621131	-0.541563835374985	-2.78929087621131	-2.78929087621131	-0.718382958319974	-0.0721836932047588	1.35053875647558	2.75759432571053	2.64469007829681	2.13615793523311	-0.324847394424411	0.388389369842249	0.380646949129924	-2.78929087621131	-0.940244390149503	1.76003328775658	-2.78929087621131	1.00266901957013	0.808335640259594	5.22820795732329	2.28530446890062	2.35678591386427
PWY0-1298:_superpathway_of_pyrimidine_deoxyribonucleosides_degradation	-3.19563232504985	-0.568364023046017	-3.19563232504985	0.399549056192175	-3.19563232504985	-3.19563232504985	0.911946752253574	1.85551352207257	0.690732474291939	-3.19563232504985	-0.350593971083226	-3.19563232504985	0.312986476862718	2.12374716328286	-3.19563232504985	3.72900205706168	1.7023437842129	-0.741095803180529	0.687792990857332	1.29323611632179	0.918809664786848	-3.19563232504985	2.16467224768841	0.893577664779563	-0.0334029497895405	0.940419576470836	3.96383540421692	2.4503862858755	2.21996411027048
PWY-7664:_oleate_biosynthesis_IV_(anaerobic)	0.0137572302874713	-3.49510239153505	-3.49510239153505	0.950981763546812	-3.49510239153505	-0.19108644845272	3.27844565824293	-3.49510239153505	2.31381803544655	-3.49510239153505	-0.323013368349401	0.38166009924651	-3.49510239153505	2.02503694787374	-0.237399264850165	3.43246226105597	0.968075366335147	-3.49510239153505	1.16317193992877	-1.15961913563156	-3.49510239153505	0.352984680642314	0.840302256042044	0.0652457294312772	2.31199746010219	0.536866169127411	5.02209061208909	2.83371253548595	3.38132860468004
METSYN-PWY:_superpathway_of_L-homoserine_and_L-methionine_biosynthesis	-1.04178797351068	-1.04178797351068	-1.04178797351068	2.57278053845353	-1.04178797351068	-1.04178797351068	2.82079235695165	-1.04178797351068	-1.04178797351068	-1.04178797351068	-1.04178797351068	-1.04178797351068	-1.04178797351068	-1.04178797351068	-1.04178797351068	3.19535505037895	-1.04178797351068	-1.04178797351068	-1.04178797351068	-1.04178797351068	-1.04178797351068	-1.04178797351068	-1.04178797351068	1.35125198981971	2.60849407505683	-1.04178797351068	3.99880642130285	0.693430902678434	4.63663610908226
PWY-5981:_CDP-diacylglycerol_biosynthesis_III	-1.43810455115001	-1.43810455115001	-1.43810455115001	0.188044849273103	-1.43810455115001	-1.43810455115001	2.42373174109024	-1.43810455115001	-0.328255931839393	-1.43810455115001	-1.43810455115001	-1.43810455115001	-1.43810455115001	-1.43810455115001	1.99371628087453	2.47117893267819	2.72941395258521	-1.43810455115001	-0.373911489222517	-1.43810455115001	-1.43810455115001	-1.43810455115001	2.14225804495213	-1.43810455115001	0.848888933271729	1.93712398252644	4.71662851231937	2.28507171647751	1.9757832934136
PWY-6282:_palmitoleate_biosynthesis_I_(from_(5Z)-dodec-5-enoate)	0.046085219604409	-3.40115805833429	-3.40115805833429	1.01605311622502	-3.40115805833429	-0.268051611853375	3.32806839665686	-3.40115805833429	2.27298900348129	-3.40115805833429	-0.400051214587389	0.312196835542977	-3.40115805833429	1.95542948143596	-0.337379028563724	3.44568623562516	0.876105161048011	-3.40115805833429	1.13531763883862	-1.22978467715991	-3.40115805833429	0.328481717112595	0.741925105115487	-0.026658261080291	2.22881922426631	0.463305453380109	5.12569325323906	2.85073899354979	3.3442944247974
MET-SAM-PWY:_superpathway_of_S-adenosyl-L-methionine_biosynthesis	-1.07604103464034	-1.07604103464034	-1.07604103464034	2.68819894858033	-1.07604103464034	-1.07604103464034	2.89980005655145	-1.07604103464034	-1.07604103464034	-1.07604103464034	-1.07604103464034	-1.07604103464034	-1.07604103464034	-1.07604103464034	-1.07604103464034	3.19595228464895	-1.07604103464034	-1.07604103464034	-1.07604103464034	-1.07604103464034	-1.07604103464034	-1.07604103464034	-1.07604103464034	1.46774682269443	2.73190115085625	-1.07604103464034	4.08073982875514	0.784842328406563	4.74768030695403
PWY0-1479:_tRNA_processing	-2.24474401011864	-2.24474401011864	-2.24474401011864	1.49657195730887	-2.24474401011864	1.43306863743547	3.90802553685692	-2.24474401011864	1.99086052264466	-2.24474401011864	-2.24474401011864	-2.24474401011864	-2.24474401011864	2.28284559213637	-2.24474401011864	3.09792806333695	-2.24474401011864	2.18560817666175	0.717969724195211	-2.24474401011864	-2.24474401011864	-2.24474401011864	0.952339762136138	-2.24474401011864	2.26867093513981	1.60654529417952	5.27102677863586	2.88002662688106	3.579672544231
PWY-7117:_C4_photosynthetic_carbon_assimilation_cycle,_PEPCK_type	-3.01483482304842	-3.01483482304842	-3.01483482304842	0.859470342933808	-3.01483482304842	0.63706644426419	1.91188101940795	-3.01483482304842	-3.01483482304842	0.025796391289493	0.930398300086476	-0.756584261557963	-0.1798344500853	1.90473885600311	3.01439718008622	2.63298621035287	2.34567343486094	0.0507461047105888	-3.01483482304842	0.651035431955537	-3.01483482304842	-0.773232566529416	1.6612125077839	-3.01483482304842	1.09102760233171	1.12987235843183	4.34348231076709	2.59285353057694	3.06052665976582
PWY-5189:_tetrapyrrole_biosynthesis_II_(from_glycine)	-0.984528164700281	-0.984528164700281	-0.984528164700281	-0.984528164700281	-0.984528164700281	-0.984528164700281	2.08500559749198	-0.984528164700281	-0.984528164700281	-0.984528164700281	-0.984528164700281	-0.984528164700281	-0.984528164700281	0.783219844302387	-0.984528164700281	3.03399919193258	-0.984528164700281	-0.984528164700281	-0.984528164700281	-0.984528164700281	-0.984528164700281	-0.984528164700281	1.13392791491255	-0.984528164700281	2.76068765056445	-0.984528164700281	4.63282615801039	3.00697100622605	3.23845409526553
PWY-6285:_superpathway_of_fatty_acids_biosynthesis_(E._coli)	-1.47760406420829	-1.47760406420829	-1.47760406420829	-1.47760406420829	-1.47760406420829	-1.47760406420829	4.30307348677318	-1.47760406420829	-1.47760406420829	-1.47760406420829	-1.47760406420829	-1.47760406420829	-1.47760406420829	-1.47760406420829	-1.47760406420829	4.59531848899785	-1.47760406420829	-1.47760406420829	-1.47760406420829	-1.47760406420829	-1.47760406420829	-1.47760406420829	2.48842949662002	-1.47760406420829	3.52447732461571	2.25323149811391	5.94475509948434	3.49389810506806	4.42650184870108
